import { useEffect, useRef, useState } from 'react';
import * as d3 from 'd3';
import ScreePlot from './ScreePlot';


export default function PCA() {
    const eigenVectors = [
        [-9.13626504e-02, -9.13626504e-02, 4.39288461e-01, 0.00000000e+00, 4.38184417e-01, 4.37843975e-01, 0.00000000e+00, -1.15939226e-03, 5.45300332e-03, 4.39305469e-01, 4.38996780e-01, 1.75253315e-02, -1.43432096e-01],
        [6.99468916e-01, 6.99468916e-01, 5.44979214e-02, -6.93889390e-18, 5.28754374e-02, 5.58054465e-02, -3.38813179e-21, 5.99340559e-02, 5.40264328e-03, 5.52092525e-02, 5.54878599e-02, 1.11877997e-02, -5.22778871e-02],
        [-6.66126125e-03, -6.66126125e-03, -3.00263149e-02, 5.55111512e-17, -2.99510081e-02, -2.99274242e-02, -1.38777878e-17, -3.20075397e-04, 7.02674602e-01, 2.58170384e-02, 2.66711432e-02, 7.08539831e-01, 7.66164315e-03],
        [-2.16515915e-02, -2.16515915e-02, 3.51615122e-02, -0.00000000e+00, 7.86706043e-03, 6.22741472e-02, 4.16333634e-17, 8.28033819e-01, -2.77064203e-04, 3.47507083e-02, 3.41034311e-02, -3.83551794e-03, 5.53046722e-01],
        [4.33557518e-02, 4.33557518e-02, 5.75647184e-02, 2.22044605e-16, 7.39640310e-02, 4.08179611e-02, 2.77555756e-17, -5.55633371e-01, 3.50321028e-03, 5.67069618e-02, 5.55637122e-02, -8.63317103e-03, 8.18945557e-01],
        [1.74562961e-03, 1.74562961e-03, 2.54382024e-02, -3.46944695e-17, 2.52976738e-02, 2.54312138e-02, -4.44089210e-16, 2.92844594e-03, 7.11461064e-01, -2.97195736e-02, -2.97181262e-02, -7.00007494e-01, -9.88693447e-03],
        [-3.78166912e-04, -3.78166912e-04, 3.29643159e-04, 1.13628182e-14, 7.06428088e-01, -7.06346177e-01, 4.49640325e-15, 4.50492528e-02, -3.57723707e-06, 3.32503645e-04, -6.76125675e-04, 4.93432591e-05, 2.00889655e-03],
        [-1.62787741e-04, -1.62787741e-04, -2.22393831e-01, -2.06193400e-15, -2.21201280e-01, -2.22296681e-01, 3.37924133e-15, -6.30782789e-05, -5.33494855e-04, -2.25878808e-01, 8.93508579e-01, -5.30541082e-02, 1.12563306e-03],
        [-1.29637522e-01, 1.29637522e-01, -4.74627881e-01, 6.19722654e-01, 3.75169945e-01, 3.74864435e-01, -1.41172118e-02, -4.70717215e-15, -4.57533317e-17, -2.74080700e-01, 4.11545797e-14, 2.15655776e-02, 4.35849273e-17],
        [1.13448842e-01, -1.13448842e-01, 3.69346479e-01, 7.82989067e-01, -2.93276739e-01, -2.93037917e-01, 7.72663279e-02, 2.93341740e-15, -5.23669649e-17, 2.15936996e-01, -3.03524567e-14, -1.69906383e-02, -1.01698164e-16],
        [-1.46635403e-02, 1.46635403e-02, -3.43255300e-02, -5.18314196e-02, 2.73571951e-02, 2.73349175e-02, 9.96893254e-01, -4.82686807e-16, 1.05750369e-16, -2.02707895e-02, -1.36609474e-16, 1.59497288e-03, -8.05020113e-18],
        [6.75237150e-01, -6.75237150e-01, -4.47593226e-02, -1.29634798e-02, 1.33975496e-01, 1.33866397e-01, 5.73953017e-03, -1.56125113e-15, -6.23416249e-17, -2.22997037e-01, 1.22499233e-13, 1.75461458e-02, 1.75207071e-16],
        [1.19009432e-01, -1.19009432e-01, -6.19376867e-01, -4.17196302e-03, -6.85329747e-02, -6.84771665e-02, 1.23136936e-03, 1.37043155e-16, 2.52185425e-16, 7.58340711e-01, -4.15939852e-13, -5.96687598e-02, -5.73109268e-16]
    ];

    const eigenValues = [5.12189311e+00, 1.95217794e+00, 1.25796862e+00, 1.07123958e+00,
        8.37219571e-01, 7.48078010e-01, 9.55090490e-03, 1.90987796e-03,
        8.50400844e-17, 0.00000000e+00, 0.00000000e+00, 0.00000000e+00,
        0.00000000e+00];

    return (
        <ScreePlot eigenVectors={eigenVectors} eigenValues={eigenValues} />
    )

}